0
1
2
3
4
5
3
5
6
7
8
9
0
10
1
11
12
13
7
9
14
11
15
12
16
17
18
19
2
1
20
6
5
21
13
12
22
23
24
16
18
25
26
27
28
29
30
31
32
33
34
26
28
35
32
34
36
29
31
37
38
39
40
41
42
43
38
40
44
20
5
45
22
24
46
19
1
47
21
12
48
18
49
25
19
47
50
20
45
51
52
53
54
21
48
55
18
56
49
57
35
28
58
59
60
61
62
63
40
64
44
40
65
64
66
67
68
69
70
71
72
73
74
75
76
77
78
79
80
69
81
70
82
83
84
85
86
87
88
89
90
91
92
93
41
43
94
82
84
95
85
87
96
88
90
97
91
93
98
70
99
71
72
74
100
75
77
101
70
102
99
78
80
103
66
68
104
105
106
107
108
96
87
105
107
109
108
87
110
111
112
113
114
115
116
111
113
117
114
116
118
119
120
121
122
123
124
108
110
125
126
127
128
129
49
56
130
65
131
129
56
132
133
134
135
57
28
136
58
60
137
61
63
138
139
140
141
58
137
142
143
144
145
130
64
65
146
147
148
149
150
151
152
153
154
155
156
157
149
99
102
149
102
150
158
159
160
161
162
163
164
165
166
133
167
134
