30392
6687
32762
0
0
0
0
0
-14432
24427
589
0
0
0
0
0
28672
6687
32762
0
0
0
0
0
0
0
0
0
0
0
0
0
1
0
0
0
-6016
24476
589
0
19056
24517
589
0
-22168
14654
588
0
19320
24517
589
0
4
0
1920
0
64
0
0
0
-26640
24517
589
0
16752
24517
589
0
30480
6687
32762
0
19104
24517
589
0
-5488
24476
589
0
0
0
0
0
0
0
0
0
1025
4354
1
0
1
0
0
0
1
0
0
0
0
1
2
0
1
0
0
0
1
0
1
0
0
0
0
0
0
0
0
0
0
0
0
0
0
0
0
0
552
0
1
0
1
1
1
0
0
0
0
0
0
0
0
0
0
0
0
0
0
0
0
0
-24600
6687
32762
0
30288
6687
32762
0
19320
24517
589
0
0
1023
165
132
0
0
0
0
0
0
0
0
0
0
0
0
0
0
0
0
0
0
0
0
7936
-22129
588
0
0
0
0
0
0
0
0
0
25565
32202
4590
-30720
-1120
6687
32762
0
1
0
1
0
-24272
14654
588
0
19768
24517
589
0
0
0
0
0
-504
6687
32762
0
-600
6687
32762
0
19728
24517
589
0
-24184
14654
588
0
19952
24517
589
0
19960
24517
589
0
-712
6687
32762
0
-24144
14654
588
0
19960
24517
589
0
-824
6687
32762
0
-904
6687
32762
0
-976
6687
32762
0
-20960
-12497
588
0
