0.6297922 -0.03509079 -0.7759706 -1
0.6297922 -0.03509079 -0.7759706 -1
0.6297923 -0.03509079 -0.7759706 -1
0.6385519 -0.01245093 -0.7694781 -1
0.6385519 -0.01245093 -0.7694781 -1
0.6385519 -0.01245093 -0.7694781 -1
-0.5557115 -0.007536758 0.8313411 -1
-0.5557114 -0.007536758 0.8313411 -1
-0.5557114 -0.007536758 0.8313411 -1
-0.557586 0.0006381598 0.830119 -1
-0.5575859 0.0006381597 0.830119 -1
-0.5575859 0.0006381598 0.830119 -1
-0.8186842 -0.09022415 -0.5671119 -1
-0.8186841 -0.09022415 -0.5671119 -1
-0.8186842 -0.09022416 -0.5671119 -1
-0.7457094 0.1226445 0.6548862 -1
-0.7457094 0.1226445 0.6548862 -1
-0.7457094 0.1226445 0.6548862 -1
0.4457882 -0.01484352 0.8950154 -1
0.4457882 -0.01484352 0.8950154 -1
0.4457882 -0.01484352 0.8950154 -1
0.7176642 0.1402679 -0.6821167 -1
0.7176642 0.1402679 -0.6821166 -1
0.7176642 0.1402679 -0.6821166 -1
-0.9717505 0.003260364 -0.2359882 -1
-0.9717505 0.003260364 -0.2359882 -1
-0.9717505 0.003260363 -0.2359881 -1
-0.08090642 -0.03491933 0.9961098 -1
-0.08090642 -0.03491932 0.9961098 -1
-0.08090643 -0.03491932 0.9961098 -1
0.9616905 0.002407702 0.2741271 -1
0.9616905 0.002407701 0.274127 -1
0.9616905 0.002407701 0.2741271 -1
0.7606627 -0.04951711 0.647256 -1
0.7606627 -0.04951711 0.647256 -1
0.7606627 -0.04951711 0.647256 -1
0.7643209 -0.05034407 0.6428679 -1
0.7643225 -0.05032801 0.6428673 -1
0.7643296 -0.05025423 0.6428646 -1
0.7643275 -0.05027455 0.6428653 -1
0.6371467 -0.0360155 -0.7699006 -1
0.637153 -0.03595181 -0.7698985 -1
0.6371262 -0.03622685 -0.7699077 -1
0.6371183 -0.03630748 -0.7699103 -1
0.6401787 -0.0129879 -0.7681162 -1
0.6401795 -0.01287531 -0.7681174 -1
0.6401833 -0.01236194 -0.7681227 -1
0.6401823 -0.01250444 -0.7681212 -1
0.7677619 -0.04004314 0.6394827 -1
0.7677614 -0.04006189 0.6394821 -1
0.7677636 -0.03998112 0.6394847 -1
0.7677642 -0.03995739 0.6394854 -1
0.7674304 -0.03997515 0.6398847 -1
0.7674304 -0.03997515 0.6398847 -1
0.7674304 -0.03997515 0.6398847 -1
-0.7500833 0.1682796 0.6395757 -1
-0.750056 0.1684828 0.6395543 -1
-0.7502769 0.1668371 0.6397263 -1
-0.7503141 0.1665593 0.6397552 -1
-0.7406242 0.1838022 0.6462914 -1
-0.7406085 0.1839235 0.646275 -1
-0.8239528 -0.0923039 -0.5590902 -1
-0.823952 -0.09231148 -0.5590901 -1
-0.823948 -0.09234889 -0.5590897 -1
-0.823949 -0.09234001 -0.5590898 -1
-0.8213894 -0.09133682 -0.5630071 -1
-0.821393 -0.09131049 -0.5630062 -1
-0.821426 -0.09106659 -0.5629975 -1
-0.8214318 -0.09102341 -0.562996 -1
-0.5564951 -0.007702919 0.8308151 -1
-0.5563695 -0.008568964 0.8308909 -1
-0.5563576 -0.008650705 0.830898 -1
-0.5564756 -0.007837812 0.8308271 -1
-0.8274356 -0.08113886 -0.555668 -1
-0.8274392 -0.08108561 -0.5556704 -1
-0.8272347 -0.08111324 -0.5559707 -1
-0.8274615 -0.08075413 -0.5556853 -1
-0.8274593 -0.08078659 -0.5556839 -1
-0.8276477 -0.08074831 -0.5554088 -1
-0.8276491 -0.08072805 -0.5554098 -1
-0.8276435 -0.08081335 -0.5554056 -1
-0.8276424 -0.08083069 -0.5554048 -1
-0.5575167 0 0.8301657 -1
-0.5575167 -2.202717E-05 0.8301657 -1
-0.5575168 -0.0001302025 0.8301657 -1
-0.5575168 -0.0001044451 0.8301657 -1
-0.5575336 0.0002355468 0.8301543 -1
-0.5575373 0.0003725973 0.8301519 -1
-0.5575978 0.0006074595 0.8301109 -1
-0.5576 0.0006472725 0.8301095 -1
-0.5570688 -0.009208574 0.8304152 -1
-0.5570622 -0.009336993 0.8304183 -1
-0.5570934 -0.008726936 0.830404 -1
-0.557101 -0.008576763 0.8304004 -1
0.9728013 0.0007984753 0.2316397 -1
0.9728006 0.0007258418 0.2316429 -1
0.9728048 0.001159753 0.2316234 -1
0.9728059 0.001260735 0.2316188 -1
-0.4102518 -0.0130376 -0.9118792 -1
-0.4102518 -0.0130376 -0.9118792 -1
-0.4102518 -0.0130376 -0.9118792 -1
-0.4254577 -0.01747965 -0.9048095 -1
-0.4254547 -0.01725512 -0.9048152 -1
-0.463741 -0.01111198 -0.8859011 -1
-0.463747 -0.01052206 -0.8859052 -1
-0.4637011 -0.01474666 -0.885869 -1
-0.4636917 -0.01553302 -0.8858605 -1
0.7251466 0.1424531 -0.6736984 -1
0.7251201 0.14269 -0.6736767 -1
0.7253964 0.1401979 -0.6739026 -1
0.725437 0.1398275 -0.6739357 -1
0.4903441 -0.009379346 0.8714784 -1
0.4903506 -0.008763695 0.8714811 -1
0.4902847 -0.01437159 0.8714438 -1
0.4902723 -0.01529785 0.871435 -1
-0.9799289 0.001203822 -0.1993439 -1
-0.9799289 0.001203213 -0.1993439 -1
-0.9799289 0.00120801 -0.1993437 -1
-0.9799289 0.001208992 -0.1993436 -1
-0.9948199 -0.03581546 -0.09513503 -1
-0.994821 -0.03579323 -0.09513231 -1
-0.9948238 -0.03573315 -0.09512497 -1
-0.9948225 -0.03576012 -0.09512828 -1
-0.994385 -0.0413994 -0.09738851 -1
-0.9943886 -0.04133684 -0.09737851 -1
-0.9936795 -0.04968807 -0.1006592 -1
-0.08722588 -0.02560936 0.9958593 -1
-0.08723148 -0.02556853 0.9958599 -1
-0.08721758 -0.02567001 0.9958585 -1
-0.0872108 -0.02571959 0.9958578 -1
-0.09071006 -0.009234443 0.9958345 -1
-0.09071001 -0.009117736 0.9958355 -1
-0.09070989 -0.008806214 0.9958384 -1
-0.09070996 -0.008947855 0.9958372 -1
-0.08973426 -0.01219656 0.995891 -1
-0.08973426 -0.01219656 0.995891 -1
-0.08973428 -0.01219656 0.995891 -1
-0.995501 -0.02847641 -0.09037068 -1
-0.9955006 -0.02849158 -0.09037049 -1
-0.9955016 -0.02845419 -0.09037098 -1
-0.9955022 -0.0284358 -0.09037122 -1
-0.9950648 -0.04014979 -0.09074228 -1
-0.9950648 -0.04014979 -0.09074227 -1
-0.9950648 -0.04014979 -0.09074226 -1
0.9651788 0.002332927 0.2615803 -1
0.9652026 0.003327637 0.2614822 -1
0.9652052 0.003441648 0.2614709 -1
0.9651832 0.002512804 0.2615626 -1
-0.5567224 -0.008495104 0.8306552 -1
-0.556706 -0.008662097 0.8306644 -1
-0.5566999 -0.008724203 0.8306679 -1
-0.5567172 -0.008548735 0.8306581 -1
0.7625493 -0.04976406 0.6450133 -1
0.7624975 -0.05015169 0.6450444 -1
0.7625118 -0.05004507 0.6450359 -1
0.7625679 -0.04962404 0.6450021 -1
0.6334458 -0.0358249 -0.7729572 -1
0.6334859 -0.03562681 -0.7729337 -1
0.6334962 -0.03557555 -0.7729275 -1
0.6334596 -0.03575709 -0.7729492 -1
0.6393957 -0.01244479 -0.7687771 -1
0.6394046 -0.0123206 -0.7687718 -1
0.639402 -0.01235664 -0.7687734 -1
0.6393922 -0.01249242 -0.7687793 -1
-0.08456857 -0.02963086 0.995977 -1
-0.0845897 -0.02952974 0.9959781 -1
-0.08459605 -0.02949944 0.9959785 -1
-0.0845769 -0.02959101 0.9959775 -1
