0.118218 0.200427 -0.00670384
0.101523 0.200414 0.0133199
0.155626 0.330277 0.0235256
0.12156 0.200452 0.0300089
0.138248 0.200467 0.00998942
0.155626 0.330277 0.0235256
-0.011765 0.375422 -0.0182313
-0.000906233 0.37539 -0.0343839
-0.0418681 0.501031 -0.0377933
-0.0170821 0.375482 -0.0452294
-0.0279291 0.375518 -0.0290862
-0.0418681 0.501031 -0.0377933
-0.000906233 0.37539 -0.0343839
-0.0170821 0.375482 -0.0452294
-0.0418681 0.501031 -0.0377933
0.0313433 0.305845 -0.135947
0.0182046 0.30583 -0.124263
0.0349187 0.422841 -0.146944
-0.0339679 0.192892 0.0277646
-0.021613 0.192892 0.0526232
-0.026105 0.385268 0.0685454
-0.021613 0.192892 0.0526232
-0.00349202 0.192892 0.0351863
-0.026105 0.385268 0.0685454
-0.026105 0.385268 0.0685454
-0.00349202 0.192892 0.0351863
-0.0339679 0.192892 0.0277646
-0.0830074 0.15177 -0.0313098
-0.0805815 0.151757 -0.0579058
-0.120133 0.284788 -0.0343168
0.0349187 0.422841 -0.146944
0.0182046 0.30583 -0.124263
0.0392899 0.305829 -0.11824
0.101523 0.200414 0.0133199
0.12156 0.200452 0.0300089
0.155626 0.330277 0.0235256
0.063949 -0.00446817 0.0115841
0.102224 -0.00446817 0.0434831
0.10953 0.124475 0.0345472
0.0808574 0.124478 0.0106504
0.0958479 -0.00446817 -0.0266906
0.063949 -0.00446817 0.0115841
0.0808574 0.124478 0.0106504
0.104754 0.124475 -0.0180226
0.102224 -0.00446817 0.0434831
0.134123 -0.00446817 0.00520838
0.133427 0.124472 0.00587411
0.10953 0.124475 0.0345472
0.134123 -0.00446817 0.00520838
0.0958479 -0.00446817 -0.0266906
0.104754 0.124475 -0.0180226
0.133427 0.124472 0.00587411
0.138248 0.200467 0.00998942
0.118218 0.200427 -0.00670384
0.155626 0.330277 0.0235256
0.0291643 -0.00446817 -0.132285
-0.00254749 -0.00446817 -0.10576
0.00775855 0.168851 -0.112404
0.0296503 0.168833 -0.131469
0.0313433 0.305845 -0.135947
0.0182046 0.30583 -0.124263
0.050552 -0.00579046 -0.0353781
0.00918922 -0.00579046 -0.0631562
0.00486971 0.146261 -0.056592
0.0391681 0.146267 -0.0335577
0.0270912 0.234604 -0.033351
-0.00131941 0.23461 -0.0524283
-0.000906233 0.37539 -0.0343839
-0.0170821 0.375482 -0.0452294
-0.011765 0.375422 -0.0182313
0.00801215 0.234605 -0.00494393
0.0270912 0.234604 -0.033351
-0.000906233 0.37539 -0.0343839
-0.0279291 0.375518 -0.0290862
-0.011765 0.375422 -0.0182313
-0.0418681 0.501031 -0.0377933
0.00801215 0.234605 -0.00494393
-0.0203969 0.234611 -0.0240226
0.0161343 0.146262 0.000740976
-0.0181645 0.146256 -0.0222931
-0.0185889 -0.00579046 -0.0217935
0.0227739 -0.00579046 0.00598464
0.00918922 -0.00579046 -0.0631562
-0.0185889 -0.00579046 -0.0217935
-0.0181645 0.146256 -0.0222931
0.00486971 0.146261 -0.056592
-0.00131941 0.23461 -0.0524283
-0.0203969 0.234611 -0.0240226
-0.0170821 0.375482 -0.0452294
-0.0279291 0.375518 -0.0290862
0.0227739 -0.00579046 0.00598464
0.050552 -0.00579046 -0.0353781
0.0391681 0.146267 -0.0335577
0.0161343 0.146262 0.000740976
-0.00254749 -0.00446817 -0.10576
0.0503465 -0.00446817 -0.0940411
0.0433732 0.168826 -0.103043
0.00775855 0.168851 -0.112404
0.0392899 0.305829 -0.11824
0.0313433 0.305845 -0.135947
0.0349187 0.422841 -0.146944
0.0296503 0.168833 -0.131469
0.0433732 0.168826 -0.103043
0.0503465 -0.00446817 -0.0940411
0.0291643 -0.00446817 -0.132285
0.0296503 0.168833 -0.131469
0.0433732 0.168826 -0.103043
-0.0209318 0.000515231 0.0536714
0.00971202 0.000515231 0.0259191
-0.00349202 0.192892 0.0351863
-0.021613 0.192892 0.0526232
-0.0436021 0.000515231 0.0162899
-0.0209318 0.000515231 0.0536714
-0.021613 0.192892 0.0526232
-0.0339679 0.192892 0.0277646
0.00971202 0.000515231 0.0259191
-0.0436021 0.000515231 0.0162899
-0.0339679 0.192892 0.0277646
-0.00349202 0.192892 0.0351863
-0.0529953 -0.00158162 -0.0774567
-0.102615 -0.00158162 -0.0819759
-0.103478 0.0826635 -0.0714039
-0.0652979 0.0826695 -0.0679258
-0.0805815 0.151757 -0.0579058
-0.10718 0.15178 -0.0603236
-0.120133 0.284788 -0.0343168
-0.0575146 -0.00158162 -0.0278374
-0.0529953 -0.00158162 -0.0774567
-0.0652979 0.0826695 -0.0679258
-0.0687746 0.0826644 -0.0297459
-0.102615 -0.00158162 -0.0819759
-0.107134 -0.00158162 -0.0323566
-0.106955 0.0826583 -0.0332233
-0.103478 0.0826635 -0.0714039
-0.10718 0.15178 -0.0603236
-0.109603 0.151793 -0.033732
-0.120133 0.284788 -0.0343168
-0.107134 -0.00158162 -0.0323566
-0.0575146 -0.00158162 -0.0278374
-0.0687746 0.0826644 -0.0297459
-0.106955 0.0826583 -0.0332233
-0.109603 0.151793 -0.033732
-0.0830074 0.15177 -0.0313098
-0.120133 0.284788 -0.0343168
0.0182046 0.30583 -0.124263
0.00775855 0.168851 -0.112404
0.0433732 0.168826 -0.103043
0.0392899 0.305829 -0.11824
0.0391681 0.146267 -0.0335577
0.0270912 0.234604 -0.033351
0.00801215 0.234605 -0.00494393
0.0161343 0.146262 0.000740976
0.101523 0.200414 0.0133199
0.0808574 0.124478 0.0106504
0.10953 0.124475 0.0345472
0.12156 0.200452 0.0300089
0.118218 0.200427 -0.00670384
0.104754 0.124475 -0.0180226
0.0808574 0.124478 0.0106504
0.101523 0.200414 0.0133199
0.12156 0.200452 0.0300089
0.10953 0.124475 0.0345472
0.133427 0.124472 0.00587411
0.138248 0.200467 0.00998942
-0.0830074 0.15177 -0.0313098
-0.0687746 0.0826644 -0.0297459
-0.0652979 0.0826695 -0.0679258
-0.0805815 0.151757 -0.0579058
