0.1182179 0.200427 -0.00670384 
0.1015232 0.2004138 0.01331995 
0.1556261 0.3302767 0.02352558 
0.1215601 0.2004518 0.03000888 
0.138248 0.2004666 0.009989418 
0.1556261 0.3302767 0.02352558 
-0.01176496 0.3754219 -0.01823131 
-0.0009062327 0.3753896 -0.03438387 
-0.04186811 0.5010315 -0.03779333 
-0.0170821 0.3754821 -0.04522938 
-0.02792908 0.3755181 -0.02908619 
-0.04186811 0.5010315 -0.03779333 
-0.0009062327 0.3753896 -0.03438387 
-0.0170821 0.3754821 -0.04522938 
-0.04186811 0.5010315 -0.03779333 
0.0313433 0.3058448 -0.1359467 
0.01820461 0.3058296 -0.1242628 
0.03491872 0.4228407 -0.1469444 
-0.03396793 0.1928918 0.02776458 
-0.02161297 0.1928918 0.0526232 
-0.02610501 0.3852684 0.06854536 
-0.02161297 0.1928918 0.0526232 
-0.003492022 0.1928918 0.03518626 
-0.02610501 0.3852684 0.06854536 
-0.02610501 0.3852684 0.06854536 
-0.003492022 0.1928918 0.03518626 
-0.03396793 0.1928918 0.02776458 
-0.08300737 0.1517695 -0.03130981 
-0.08058149 0.1517569 -0.05790576 
-0.1201325 0.2847881 -0.03431677 
0.03491872 0.4228407 -0.1469444 
0.01820461 0.3058296 -0.1242628 
0.03928993 0.305829 -0.11824 
0.1015232 0.2004138 0.01331995 
0.1215601 0.2004518 0.03000888 
0.1556261 0.3302767 0.02352558 
0.06394895 -0.004468173 0.01158412 
0.1022237 -0.004468173 0.0434831 
0.10953 0.1244748 0.03454718 
0.08085744 0.1244782 0.0106504 
0.09584794 -0.004468173 -0.0266906 
0.06394895 -0.004468173 0.01158412 
0.08085744 0.1244782 0.0106504 
0.1047538 0.1244753 -0.01802259 
0.1022237 -0.004468173 0.0434831 
0.1341227 -0.004468173 0.005208384 
0.1334268 0.1244719 0.005874114 
0.10953 0.1244748 0.03454718 
0.1341227 -0.004468173 0.005208384 
0.09584794 -0.004468173 -0.0266906 
0.1047538 0.1244753 -0.01802259 
0.1334268 0.1244719 0.005874114 
0.138248 0.2004666 0.009989418 
0.1182179 0.200427 -0.00670384 
0.1556261 0.3302767 0.02352558 
0.02916435 -0.00446817 -0.1322854 
-0.002547486 -0.00446817 -0.1057602 
0.007758548 0.1688505 -0.112404 
0.02965034 0.1688328 -0.131469 
0.0313433 0.3058448 -0.1359467 
0.01820461 0.3058296 -0.1242628 
0.05055197 -0.00579046 -0.03537811 
0.009189221 -0.00579046 -0.06315621 
0.004869711 0.1462611 -0.05659198 
0.03916807 0.1462673 -0.03355775 
0.0270912 0.2346039 -0.03335096 
-0.001319415 0.23461 -0.05242831 
-0.0009062327 0.3753896 -0.03438387 
-0.0170821 0.3754821 -0.04522938 
-0.01176496 0.3754219 -0.01823131 
0.008012154 0.2346047 -0.004943932 
0.0270912 0.2346039 -0.03335096 
-0.0009062327 0.3753896 -0.03438387 
-0.02792908 0.3755181 -0.02908619 
-0.01176496 0.3754219 -0.01823131 
-0.04186811 0.5010315 -0.03779333 
0.008012154 0.2346047 -0.004943932 
-0.02039694 0.234611 -0.02402257 
0.01613435 0.146262 0.0007409761 
-0.01816446 0.1462557 -0.02229313 
-0.01858888 -0.00579046 -0.02179346 
0.02277388 -0.00579046 0.005984638 
0.009189221 -0.00579046 -0.06315621 
-0.01858888 -0.00579046 -0.02179346 
-0.01816446 0.1462557 -0.02229313 
0.004869711 0.1462611 -0.05659198 
-0.001319415 0.23461 -0.05242831 
-0.02039694 0.234611 -0.02402257 
-0.0170821 0.3754821 -0.04522938 
-0.02792908 0.3755181 -0.02908619 
0.02277388 -0.00579046 0.005984638 
0.05055197 -0.00579046 -0.03537811 
0.03916807 0.1462673 -0.03355775 
0.01613435 0.146262 0.0007409761 
-0.002547486 -0.00446817 -0.1057602 
0.05034652 -0.00446817 -0.09404106 
0.04337324 0.1688263 -0.1030432 
0.007758548 0.1688505 -0.112404 
0.03928993 0.305829 -0.11824 
0.0313433 0.3058448 -0.1359467 
0.03491872 0.4228407 -0.1469444 
0.02965034 0.1688328 -0.131469 
0.04337324 0.1688263 -0.1030432 
0.05034652 -0.00446817 -0.09404106 
0.02916435 -0.00446817 -0.1322854 
0.02965034 0.1688328 -0.131469 
0.04337324 0.1688263 -0.1030432 
-0.02093177 0.0005152315 0.05367138 
0.009712018 0.0005152315 0.0259191 
-0.003492022 0.1928918 0.03518626 
-0.02161297 0.1928918 0.0526232 
-0.04360208 0.0005152315 0.01628991 
-0.02093177 0.0005152315 0.05367138 
-0.02161297 0.1928918 0.0526232 
-0.03396793 0.1928918 0.02776458 
0.009712018 0.0005152315 0.0259191 
-0.04360208 0.0005152315 0.01628991 
-0.03396793 0.1928918 0.02776458 
-0.003492022 0.1928918 0.03518626 
-0.05299535 -0.001581617 -0.07745667 
-0.1026146 -0.001581617 -0.08197594 
-0.1034776 0.08266352 -0.07140389 
-0.06529791 0.08266954 -0.06792577 
-0.08058149 0.1517569 -0.05790576 
-0.10718 0.1517799 -0.06032362 
-0.1201325 0.2847881 -0.03431677 
-0.05751461 -0.001581617 -0.02783736 
-0.05299535 -0.001581617 -0.07745667 
-0.06529791 0.08266954 -0.06792577 
-0.06877457 0.08266437 -0.02974593 
-0.1026146 -0.001581617 -0.08197594 
-0.1071339 -0.001581617 -0.03235663 
-0.106955 0.08265826 -0.0332233 
-0.1034776 0.08266352 -0.07140389 
-0.10718 0.1517799 -0.06032362 
-0.109603 0.1517935 -0.03373203 
-0.1201325 0.2847881 -0.03431677 
-0.1071339 -0.001581617 -0.03235663 
-0.05751461 -0.001581617 -0.02783736 
-0.06877457 0.08266437 -0.02974593 
-0.106955 0.08265826 -0.0332233 
-0.109603 0.1517935 -0.03373203 
-0.08300737 0.1517695 -0.03130981 
-0.1201325 0.2847881 -0.03431677 
0.01820461 0.3058296 -0.1242628 
0.007758548 0.1688505 -0.112404 
0.04337324 0.1688263 -0.1030432 
0.03928993 0.305829 -0.11824 
0.03916807 0.1462673 -0.03355775 
0.0270912 0.2346039 -0.03335096 
0.008012154 0.2346047 -0.004943932 
0.01613435 0.146262 0.0007409761 
0.1015232 0.2004138 0.01331995 
0.08085744 0.1244782 0.0106504 
0.10953 0.1244748 0.03454718 
0.1215601 0.2004518 0.03000888 
0.1182179 0.200427 -0.00670384 
0.1047538 0.1244753 -0.01802259 
0.08085744 0.1244782 0.0106504 
0.1015232 0.2004138 0.01331995 
0.1215601 0.2004518 0.03000888 
0.10953 0.1244748 0.03454718 
0.1334268 0.1244719 0.005874114 
0.138248 0.2004666 0.009989418 
-0.08300737 0.1517695 -0.03130981 
-0.06877457 0.08266437 -0.02974593 
-0.06529791 0.08266954 -0.06792577 
-0.08058149 0.1517569 -0.05790576 
