0.629792 -0.0350908 -0.775971 -1
0.629792 -0.0350908 -0.775971 -1
0.629792 -0.0350908 -0.775971 -1
0.638552 -0.0124509 -0.769478 -1
0.638552 -0.0124509 -0.769478 -1
0.638552 -0.0124509 -0.769478 -1
-0.555712 -0.00753676 0.831341 -1
-0.555711 -0.00753676 0.831341 -1
-0.555711 -0.00753676 0.831341 -1
-0.557586 0.00063816 0.830119 -1
-0.557586 0.00063816 0.830119 -1
-0.557586 0.00063816 0.830119 -1
-0.818684 -0.0902242 -0.567112 -1
-0.818684 -0.0902242 -0.567112 -1
-0.818684 -0.0902242 -0.567112 -1
-0.745709 0.122644 0.654886 -1
-0.745709 0.122644 0.654886 -1
-0.745709 0.122644 0.654886 -1
0.445788 -0.0148435 0.895015 -1
0.445788 -0.0148435 0.895015 -1
0.445788 -0.0148435 0.895015 -1
0.717664 0.140268 -0.682117 -1
0.717664 0.140268 -0.682117 -1
0.717664 0.140268 -0.682117 -1
-0.97175 0.00326036 -0.235988 -1
-0.97175 0.00326036 -0.235988 -1
-0.97175 0.00326036 -0.235988 -1
-0.0809064 -0.0349193 0.99611 -1
-0.0809064 -0.0349193 0.99611 -1
-0.0809064 -0.0349193 0.99611 -1
0.96169 0.0024077 0.274127 -1
0.96169 0.0024077 0.274127 -1
0.96169 0.0024077 0.274127 -1
0.760663 -0.0495171 0.647256 -1
0.760663 -0.0495171 0.647256 -1
0.760663 -0.0495171 0.647256 -1
0.764321 -0.0503441 0.642868 -1
0.764322 -0.050328 0.642867 -1
0.76433 -0.0502542 0.642865 -1
0.764328 -0.0502745 0.642865 -1
0.637147 -0.0360155 -0.769901 -1
0.637153 -0.0359518 -0.769898 -1
0.637126 -0.0362269 -0.769908 -1
0.637118 -0.0363075 -0.76991 -1
0.640179 -0.0129879 -0.768116 -1
0.64018 -0.0128753 -0.768117 -1
0.640183 -0.0123619 -0.768123 -1
0.640182 -0.0125044 -0.768121 -1
0.767762 -0.0400431 0.639483 -1
0.767761 -0.0400619 0.639482 -1
0.767764 -0.0399811 0.639485 -1
0.767764 -0.0399574 0.639485 -1
0.76743 -0.0399751 0.639885 -1
0.76743 -0.0399752 0.639885 -1
0.76743 -0.0399751 0.639885 -1
-0.750083 0.16828 0.639576 -1
-0.750056 0.168483 0.639554 -1
-0.750277 0.166837 0.639726 -1
-0.750314 0.166559 0.639755 -1
-0.740624 0.183802 0.646291 -1
-0.740608 0.183924 0.646275 -1
-0.823953 -0.0923039 -0.55909 -1
-0.823952 -0.0923115 -0.55909 -1
-0.823948 -0.0923489 -0.55909 -1
-0.823949 -0.09234 -0.55909 -1
-0.821389 -0.0913368 -0.563007 -1
-0.821393 -0.0913105 -0.563006 -1
-0.821426 -0.0910666 -0.562998 -1
-0.821432 -0.0910234 -0.562996 -1
-0.556495 -0.00770292 0.830815 -1
-0.556369 -0.00856896 0.830891 -1
-0.556358 -0.00865071 0.830898 -1
-0.556476 -0.00783781 0.830827 -1
-0.827436 -0.0811389 -0.555668 -1
-0.827439 -0.0810856 -0.55567 -1
-0.827235 -0.0811132 -0.555971 -1
-0.827462 -0.0807541 -0.555685 -1
-0.827459 -0.0807866 -0.555684 -1
-0.827648 -0.0807483 -0.555409 -1
-0.827649 -0.080728 -0.55541 -1
-0.827644 -0.0808133 -0.555406 -1
-0.827642 -0.0808307 -0.555405 -1
-0.557517 0 0.830166 -1
-0.557517 -2.20272e-05 0.830166 -1
-0.557517 -0.000130202 0.830166 -1
-0.557517 -0.000104445 0.830166 -1
-0.557534 0.000235547 0.830154 -1
-0.557537 0.000372597 0.830152 -1
-0.557598 0.00060746 0.830111 -1
-0.5576 0.000647273 0.83011 -1
-0.557069 -0.00920857 0.830415 -1
-0.557062 -0.00933699 0.830418 -1
-0.557093 -0.00872694 0.830404 -1
-0.557101 -0.00857676 0.8304 -1
0.972801 0.000798475 0.23164 -1
0.972801 0.000725842 0.231643 -1
0.972805 0.00115975 0.231623 -1
0.972806 0.00126074 0.231619 -1
-0.410252 -0.0130376 -0.911879 -1
-0.410252 -0.0130376 -0.911879 -1
-0.410252 -0.0130376 -0.911879 -1
-0.425458 -0.0174797 -0.904809 -1
-0.425455 -0.0172551 -0.904815 -1
-0.463741 -0.011112 -0.885901 -1
-0.463747 -0.0105221 -0.885905 -1
-0.463701 -0.0147467 -0.885869 -1
-0.463692 -0.015533 -0.885861 -1
0.725147 0.142453 -0.673698 -1
0.72512 0.14269 -0.673677 -1
0.725396 0.140198 -0.673903 -1
0.725437 0.139828 -0.673936 -1
0.490344 -0.00937935 0.871478 -1
0.490351 -0.0087637 0.871481 -1
0.490285 -0.0143716 0.871444 -1
0.490272 -0.0152979 0.871435 -1
-0.979929 0.00120382 -0.199344 -1
-0.979929 0.00120321 -0.199344 -1
-0.979929 0.00120801 -0.199344 -1
-0.979929 0.00120899 -0.199344 -1
-0.99482 -0.0358155 -0.095135 -1
-0.994821 -0.0357932 -0.0951323 -1
-0.994824 -0.0357332 -0.095125 -1
-0.994823 -0.0357601 -0.0951283 -1
-0.994385 -0.0413994 -0.0973885 -1
-0.994389 -0.0413368 -0.0973785 -1
-0.993679 -0.0496881 -0.100659 -1
-0.0872259 -0.0256094 0.995859 -1
-0.0872315 -0.0255685 0.99586 -1
-0.0872176 -0.02567 0.995858 -1
-0.0872108 -0.0257196 0.995858 -1
-0.0907101 -0.00923444 0.995834 -1
-0.09071 -0.00911774 0.995836 -1
-0.0907099 -0.00880621 0.995838 -1
-0.09071 -0.00894785 0.995837 -1
-0.0897343 -0.0121966 0.995891 -1
-0.0897343 -0.0121966 0.995891 -1
-0.0897343 -0.0121966 0.995891 -1
-0.995501 -0.0284764 -0.0903707 -1
-0.995501 -0.0284916 -0.0903705 -1
-0.995502 -0.0284542 -0.090371 -1
-0.995502 -0.0284358 -0.0903712 -1
-0.995065 -0.0401498 -0.0907423 -1
-0.995065 -0.0401498 -0.0907423 -1
-0.995065 -0.0401498 -0.0907423 -1
0.965179 0.00233293 0.26158 -1
0.965203 0.00332764 0.261482 -1
0.965205 0.00344165 0.261471 -1
0.965183 0.0025128 0.261563 -1
-0.556722 -0.0084951 0.830655 -1
-0.556706 -0.0086621 0.830664 -1
-0.5567 -0.0087242 0.830668 -1
-0.556717 -0.00854873 0.830658 -1
0.762549 -0.0497641 0.645013 -1
0.762497 -0.0501517 0.645044 -1
0.762512 -0.0500451 0.645036 -1
0.762568 -0.049624 0.645002 -1
0.633446 -0.0358249 -0.772957 -1
0.633486 -0.0356268 -0.772934 -1
0.633496 -0.0355756 -0.772928 -1
0.63346 -0.0357571 -0.772949 -1
0.639396 -0.0124448 -0.768777 -1
0.639405 -0.0123206 -0.768772 -1
0.639402 -0.0123566 -0.768773 -1
0.639392 -0.0124924 -0.768779 -1
-0.0845686 -0.0296309 0.995977 -1
-0.0845897 -0.0295297 0.995978 -1
-0.084596 -0.0294994 0.995978 -1
-0.0845769 -0.029591 0.995977 -1
